function halfwayT = halfwayT_fit(k, L, E)
    halfwayT =  5.34584398159821 + -0.0005778862178141991*E + -0.0152001908690417*L + 8.90793637254918*k + 0.0000091020179204093*L.^2 ...
             + 0.0000004892592145841 * (E-1133.1914893617) * (L-574.468085106383) ...
             + -0.00227061673743647 * (E-1133.1914893617) * (k-0.595744680851063)  ...
             + -0.0339679090640056 * (L-574.468085106383) * (k-0.595744680851063) ...
             + 0.0000220202727093369 * (k-0.595744680851063) * (L.^2 - 438297.872340426);
   
end