function Lstar = Lstar_fit(k, L, E)
    Lstar =  -36.2328462529044 + 0.00659071167648461*E + 0.0930348948878908*L + 107.813534392089*k - 0.0000814127545665056*L.^2 ...
             + 0.0000368635796993314 * (E-1133.1914893617) * (L-574.468085106383) ...
             + 0.309594644196585 * (L-574.468085106383) * (k-0.595744680851063)  ...
             -0.0000000307304520367 * (E-1133.1914893617) * (L.^2 - 438297.872340426) ...
             -0.000238403491964389 * (k-0.595744680851063) * (L.^2 - 438297.872340426);
   
end