function onsetB = onsetB_fit(k, L, E)
    onsetB = 0.180739409214367 + 0.0000114713855762652 * E + 0.000124025641896418 * L + -0.299683968046918 * k ...
            +  0.0000000199215487747 * (E - 1133.1914893617)*(L - 574.468085106383) + ...
            + -0.000535133347122028 * (L - 574.468085106383)*(k - 0.595744680851063);
   
end