function halfwayB = halfwayB_fit(k, L, E)
    halfwayB = 0.128878682029891 + 0.0000112720537365291 * E + 0.000288743252236362 * L + -0.14275069174131 * k ...
            +  0.0000261504200497487 * (E - 1133.1914893617)*(k - 0.595744680851063) + ...
            + -0.0000001571246681576 * (L.^2);
   
end