function maxB = maxB_fit(k, L, E)
    maxB = 0.188160566625196 + 0.000016390000879076 * E + 0.000317261716285144 * L + -0.200827783899204 * k ...
            +  0.0000345639916005713 * (E - 1133.1914893617)*(k - 0.595744680851063) + ...
            + -0.0000001602869775234 * (L.^2);
   
end