function Rstar = Rstar_fit(k, L, E)
    Rstar =  57.5793242108532 + 0.00875466751323499 * E ...
                              - 0.03846859756556170 * L ...
                              + 368.886676617352 * k ...
            -0.0299887339442567*(E-1133.1914893617)*(k-0.595744680851063);
   
end